=== Run information ===

Scheme:weka.classifiers.functions.MultilayerPerceptron -L 0.001 -M 0.01 -N 50000 -V 0 -S 0 -E 20 -H t -R
Relation:     DNC Dataset Android 0511-0911-weka.filters.unsupervised.attribute.Remove-R1,18-weka.filters.unsupervised.attribute.Remove-R3-8-weka.filters.unsupervised.attribute.Remove-R2-4,6-7,10,12-13
Instances:    124
Attributes:   5
              Cohort Size
              LevelFailedEvents
              Sessions
              MKTExpenses
              ActiveUsersDay7
Test mode:10-fold cross-validation

=== Classifier model (full training set) ===

Linear Node 0
    Inputs    Weights
    Threshold    1.0582628413704018
    Node 1    -1.5019190842599675
    Node 2    -0.3253357839018942
    Node 3    -4.337577546845594
    Node 4    0.8721674348022067
    Node 5    3.1617865495486153
Sigmoid Node 1
    Inputs    Weights
    Threshold    0.3176080099041282
    Attrib Cohort Size    -0.9069233897133994
    Attrib LevelFailedEvents    -0.9407104555576075
    Attrib Sessions    1.2162699379546125
    Attrib MKTExpenses    0.6829079224269817
Sigmoid Node 2
    Inputs    Weights
    Threshold    -0.16309420600146785
    Attrib Cohort Size    -0.003333109940061072
    Attrib LevelFailedEvents    -0.5767513178587533
    Attrib Sessions    0.34611932444037063
    Attrib MKTExpenses    0.15484537797362982
Sigmoid Node 3
    Inputs    Weights
    Threshold    0.19011922654651206
    Attrib Cohort Size    0.8035822331880974
    Attrib LevelFailedEvents    0.8463042937862725
    Attrib Sessions    -4.537921366089614
    Attrib MKTExpenses    -2.606531198215217
Sigmoid Node 4
    Inputs    Weights
    Threshold    -0.26887236951187576
    Attrib Cohort Size    0.3399415570290822
    Attrib LevelFailedEvents    -0.7464837437536616
    Attrib Sessions    -0.4410652129838507
    Attrib MKTExpenses    -0.5727389264498897
Sigmoid Node 5
    Inputs    Weights
    Threshold    2.8506932042046382
    Attrib Cohort Size    -0.8283282625520065
    Attrib LevelFailedEvents    0.9382667877359304
    Attrib Sessions    -2.416837691631962
    Attrib MKTExpenses    2.0936136892676163
Class 
    Input
    Node 0


Time taken to build model: 5.56 seconds

=== Predictions on test data ===

inst#,    actual, predicted, error
     1   1683       1641.945    -41.055
     2    967       1001.379     34.379
     3   1336       1217.104   -118.896
     4    730        543.257   -186.743
     5    688        747.634     59.634
     6   4291       4092.438   -198.562
     7   2233       1209.337  -1023.663
     8   2046       2075.082     29.082
     9    459       1260.998    801.998
    10    951       1370.846    419.846
    11   1300       1583.368    283.368
    12   1776       1720.433    -55.567
    13   1897       1925.826     28.826
     1   2174       1799.464   -374.536
     2   2963        882.282  -2080.718
     3   1251       1514.006    263.006
     4   1632       1714.676     82.676
     5   1273       1772.469    499.469
     6    756        965.671    209.671
     7    650        673.026     23.026
     8   1530       1460.191    -69.809
     9   3724       2829.336   -894.664
    10   1234       1312.415     78.415
    11   1481       1495.243     14.243
    12    665        605.565    -59.435
    13    768        884.066    116.066
     1   1425       1622.808    197.808
     2    709        406.483   -302.517
     3   1272       1746.687    474.687
     4    883        851.711    -31.289
     5   2135       4853.68    2718.68 
     6   2070       1590.473   -479.527
     7   1136        979.753   -156.247
     8    564        900.049    336.049
     9   1081        903.17    -177.83 
    10   1474       1531.087     57.087
    11    602        784.814    182.814
    12    608        882.231    274.231
    13   1542       1407.708   -134.292
     1   2537       1559.434   -977.566
     2   1250       1705.816    455.816
     3   1498       1447.111    -50.889
     4   1744       1857.219    113.219
     5   3596       3580.153    -15.847
     6   1831       1656.608   -174.392
     7    643        775.738    132.738
     8    954       1534.225    580.225
     9   1538       1508.645    -29.355
    10   1527       1536.475      9.475
    11   1598       1638.631     40.631
    12    922        570.777   -351.223
    13   1372       1449.41      77.41 
     1   2422       3065.93     643.93 
     2    928       1675.441    747.441
     3   1485       1468.267    -16.733
     4   1991       2062.009     71.009
     5   1303       1169.026   -133.974
     6    999        930.905    -68.095
     7   1412       1872.889    460.889
     8   3950       3925.001    -24.999
     9    616        373.309   -242.691
    10   1690       1614.545    -75.455
    11    665       1776.162   1111.162
    12    801       1210.322    409.322
     1    769       1280.564    511.564
     2    670       1247.106    577.106
     3   1766       1874.428    108.428
     4   1399       1555.168    156.168
     5    585       1308.786    723.786
     6   1833       1905.316     72.316
     7   1935       1815.189   -119.811
     8   1218       1403.599    185.599
     9   1046       1189.413    143.413
    10   1472       1457.985    -14.015
    11   1414       1615.108    201.108
    12   2222       1575.383   -646.617
     1   1457       1630.433    173.433
     2   1067        953.384   -113.616
     3    750        644.434   -105.566
     4   1416       1233.974   -182.026
     5   2632       1503.838  -1128.162
     6   1708       1841.688    133.688
     7    688        864.036    176.036
     8   3819       3042.586   -776.414
     9    499       1333.797    834.797
    10   3746       1869.304  -1876.696
    11   1364       1122.074   -241.926
    12   1996       2217.41     221.41 
     1   1381       1251.174   -129.826
     2   1559       1564.895      5.895
     3   1385       1361.985    -23.015
     4    624        880.454    256.454
     5   1511       1420.65     -90.35 
     6   1208        971.568   -236.432
     7   2016       1872.803   -143.197
     8   1188        852.617   -335.383
     9   2073       1500.881   -572.119
    10   1205       1451.462    246.462
    11   1769       1581.763   -187.237
    12    592        841.75     249.75 
     1    937        370.841   -566.159
     2   1173       1287.096    114.096
     3   1648       1691.727     43.727
     4   4097       4542.019    445.019
     5   1205       1058.115   -146.885
     6   1323       1060.534   -262.466
     7   2124       1541.5     -582.5  
     8   1125        778.114   -346.886
     9   2264       1957.187   -306.813
    10    885       1626.713    741.713
    11   1547       1476.45     -70.55 
    12   2665       3307.09     642.09 
     1   1340       1100.575   -239.425
     2   2344       1536.967   -807.033
     3    603        862.407    259.407
     4    896        530.073   -365.927
     5    913       1028.317    115.317
     6   1367       1179.343   -187.657
     7   1188       1000.228   -187.772
     8   1953       1860.502    -92.498
     9   1625       1519.192   -105.808
    10   1034        949.384    -84.616
    11   1395       1295.536    -99.464
    12   2171       2075.607    -95.393

=== Cross-validation ===
=== Summary ===

Correlation coefficient                  0.7818
Mean absolute error                    317.6931
Root mean squared error                510.7392
Relative absolute error                 55.6169 %
Root relative squared error             64.38   %
Total Number of Instances              124     

