=== Run information ===

Scheme:weka.classifiers.functions.MultilayerPerceptron -L 0.002 -M 0.02 -N 5000 -V 0 -S 0 -E 20 -H t -R
Relation:     DNC Dataset Android 0511-0911-weka.filters.unsupervised.attribute.Remove-R1,18-weka.filters.unsupervised.attribute.Remove-R3-8-weka.filters.unsupervised.attribute.Remove-R2-4,6-7,10,12-13
Instances:    124
Attributes:   5
              Cohort Size
              LevelFailedEvents
              Sessions
              MKTExpenses
              ActiveUsersDay7
Test mode:10-fold cross-validation

=== Classifier model (full training set) ===

Linear Node 0
    Inputs    Weights
    Threshold    1.0797867823886813
    Node 1    -0.29684482552943764
    Node 2    -0.21969858786627855
    Node 3    -2.7817876597741726
    Node 4    -0.06233769812845771
    Node 5    1.843569117957352
Sigmoid Node 1
    Inputs    Weights
    Threshold    -0.22260743952721343
    Attrib Cohort Size    0.25419342049556354
    Attrib LevelFailedEvents    -0.536531781704329
    Attrib Sessions    0.14458419013754445
    Attrib MKTExpenses    -0.2041784620551208
Sigmoid Node 2
    Inputs    Weights
    Threshold    -0.19608270686158408
    Attrib Cohort Size    0.27817568044412067
    Attrib LevelFailedEvents    -0.5656047454198722
    Attrib Sessions    0.022462997545660095
    Attrib MKTExpenses    -0.25040497412003526
Sigmoid Node 3
    Inputs    Weights
    Threshold    0.5487505993223191
    Attrib Cohort Size    0.8200066272399554
    Attrib LevelFailedEvents    0.14301477651698202
    Attrib Sessions    -3.968289272719741
    Attrib MKTExpenses    -1.8362320346847083
Sigmoid Node 4
    Inputs    Weights
    Threshold    -0.20353475483508335
    Attrib Cohort Size    0.1493100434768381
    Attrib LevelFailedEvents    -0.5335006781658289
    Attrib Sessions    -0.11128530573337787
    Attrib MKTExpenses    -0.22994253484444652
Sigmoid Node 5
    Inputs    Weights
    Threshold    0.1810534142816318
    Attrib Cohort Size    -0.4671142017824168
    Attrib LevelFailedEvents    0.7991454375939883
    Attrib Sessions    -1.4998839558810233
    Attrib MKTExpenses    0.41797917386597316
Class 
    Input
    Node 0


Time taken to build model: 0.56 seconds

=== Predictions on test data ===

inst#,    actual, predicted, error
     1   1683       1645.105    -37.895
     2    967       1081.847    114.847
     3   1336       1293.568    -42.432
     4    730       1062.242    332.242
     5    688        756.935     68.935
     6   4291       3795.509   -495.491
     7   2233       2285.688     52.688
     8   2046       1255.35    -790.65 
     9    459       1329.264    870.264
    10    951       1382.463    431.463
    11   1300       1388.625     88.625
    12   1776       1756.366    -19.634
    13   1897       1796.992   -100.008
     1   2174       2182.497      8.497
     2   2963       2251.618   -711.382
     3   1251       1323.433     72.433
     4   1632       1810.878    178.878
     5   1273       1463.848    190.848
     6    756       1317.046    561.046
     7    650        765.085    115.085
     8   1530       1498.928    -31.072
     9   3724       1974.433  -1749.567
    10   1234       1250.335     16.335
    11   1481       1606.008    125.008
    12    665       1085.413    420.413
    13    768       1187.984    419.984
     1   1425       1495.567     70.567
     2    709        867.417    158.417
     3   1272       1462.25     190.25 
     4    883       1259.881    376.881
     5   2135       2638.724    503.724
     6   2070       1389.131   -680.869
     7   1136       1024.999   -111.001
     8    564        762.183    198.183
     9   1081        919.35    -161.65 
    10   1474       1590.382    116.382
    11    602        718.834    116.834
    12    608        769.671    161.671
    13   1542       1637.899     95.899
     1   2537       1374.465  -1162.535
     2   1250       1440.119    190.119
     3   1498       1544.982     46.982
     4   1744       1846.585    102.585
     5   3596       4071.314    475.314
     6   1831       1778.246    -52.754
     7    643        766.039    123.039
     8    954       1357.015    403.015
     9   1538       1538.03       0.03 
    10   1527       1641.878    114.878
    11   1598       1766.525    168.525
    12    922       1059.863    137.863
    13   1372       1380.872      8.872
     1   2422       3066.311    644.311
     2    928       1353.864    425.864
     3   1485       1558.997     73.997
     4   1991       1871.323   -119.677
     5   1303       1265.937    -37.063
     6    999       1111.194    112.194
     7   1412       1523.591    111.591
     8   3950       3981.588     31.588
     9    616       1018.424    402.424
    10   1690       1655.325    -34.675
    11    665       1736.588   1071.588
    12    801       1276.292    475.292
     1    769       1539.927    770.927
     2    670       1296.986    626.986
     3   1766       1804.462     38.462
     4   1399       1602.057    203.057
     5    585       1394.119    809.119
     6   1833       1780.537    -52.463
     7   1935       1875.13     -59.87 
     8   1218       1381.53     163.53 
     9   1046       1270.803    224.803
    10   1472       1480.996      8.996
    11   1414       1521.333    107.333
    12   2222       1383.708   -838.292
     1   1457       1467.033     10.033
     2   1067        980.345    -86.655
     3    750        934.422    184.422
     4   1416       1277.085   -138.915
     5   2632       1346.911  -1285.089
     6   1708       1788.95      80.95 
     7    688        840.37     152.37 
     8   3819       2058.223  -1760.777
     9    499       1365.533    866.533
    10   3746       1499.272  -2246.728
    11   1364       1178.508   -185.492
    12   1996       1578.146   -417.854
     1   1381       1314.246    -66.754
     2   1559       1705.767    146.767
     3   1385       1410.627     25.627
     4    624        745.187    121.187
     5   1511       1562.921     51.921
     6   1208        994.771   -213.229
     7   2016       1964.37     -51.63 
     8   1188        822.115   -365.885
     9   2073       1284.806   -788.194
    10   1205       1307.942    102.942
    11   1769       1676.556    -92.444
    12    592        730.389    138.389
     1    937        936.122     -0.878
     2   1173       1259.048     86.048
     3   1648       2135.09     487.09 
     4   4097       3146.75    -950.25 
     5   1205       1039.437   -165.563
     6   1323       1181.95    -141.05 
     7   2124       1269.342   -854.658
     8   1125        831.735   -293.265
     9   2264       2425.978    161.978
    10    885       1355.668    470.668
    11   1547       1526.689    -20.311
    12   2665       3158.881    493.881
     1   1340       1149.425   -190.575
     2   2344       1343.506  -1000.494
     3    603        752.671    149.671
     4    896        948.583     52.583
     5    913       1053.773    140.773
     6   1367       1257.372   -109.628
     7   1188        997.623   -190.377
     8   1953       2313.528    360.528
     9   1625       1537.996    -87.004
    10   1034        982.953    -51.047
    11   1395       1367.746    -27.254
    12   2171       2423.547    252.547

=== Cross-validation ===
=== Summary ===

Correlation coefficient                  0.7864
Mean absolute error                    304.3352
Root mean squared error                487.5632
Relative absolute error                 53.2784 %
Root relative squared error             61.4586 %
Total Number of Instances              124     

