=== Run information ===

Scheme:       weka.classifiers.trees.M5P -M 4.0
Relation:     JNC Dataset Android 0511-0911 - Training Set-weka.filters.unsupervised.attribute.Remove-R1,4-9,18-weka.filters.unsupervised.attribute.Remove-R2-4,6,9-10,13
Instances:    250
Attributes:   6
              Cohort Size
              LevelFailedEvents
              LevelPlayedEvents
              Sessions
              ActiveUsersDay7
              MedianSessionSeconds
Test mode:    10-fold cross-validation

=== Classifier model (full training set) ===

M5 pruned model tree:
(using smoothed linear models)

Sessions <= 24715.5 : 
|   Cohort Size <= 523 : LM1 (48/11.6%)
|   Cohort Size >  523 : LM2 (46/12.814%)
Sessions >  24715.5 : LM3 (156/38.564%)

LM num: 1
ActiveUsersDay7 = 
	2.2055 * Cohort Size 
	+ 0.0945 * LevelFailedEvents 
	+ 0.0553 * Sessions 
	+ 1.4949 * MedianSessionSeconds 
	+ 1039.9592

LM num: 2
ActiveUsersDay7 = 
	2.1019 * Cohort Size 
	- 0.0125 * LevelFailedEvents 
	+ 0.0556 * Sessions 
	+ 1.512 * MedianSessionSeconds 
	+ 4602.7293

LM num: 3
ActiveUsersDay7 = 
	-0.7935 * Cohort Size 
	- 0.0837 * LevelFailedEvents 
	+ 0.2735 * Sessions 
	+ 0.6203 * MedianSessionSeconds 
	+ 5260.451

Number of Rules : 3

Time taken to build model: 0.02 seconds

=== Predictions on test data ===

    inst#     actual  predicted      error
        1  12512      10682.022  -1829.978 
        2   6286       6494.02     208.02  
        3   5881       6419.009    538.009 
        4   8858       8794.473    -63.527 
        5   9228       9480.981    252.981 
        6  11285      10798.76    -486.24  
        7   7312       7296.496    -15.504 
        8   7203       7412.986    209.986 
        9   9982       9484.528   -497.472 
       10   6731       6473.033   -257.967 
       11  10457       9992.926   -464.074 
       12  10159       9963.543   -195.457 
       13   7820       7662.378   -157.622 
       14   7611       7577.318    -33.682 
       15   9587       9495.017    -91.983 
       16   9910       9706.48    -203.52  
       17  10956      10966.965     10.965 
       18   8863       8892.162     29.162 
       19   9157       9181.052     24.052 
       20   9110       9230.496    120.496 
       21   7418       7713.719    295.719 
       22  10409      10400.725     -8.275 
       23   8912       8980.641     68.641 
       24   6757       6666.868    -90.132 
       25   9409       9616.702    207.702 
        1  10272      10370.523     98.523 
        2   7650       7658.258      8.258 
        3   6101       6344.546    243.546 
        4   9764      10662.688    898.688 
        5  10520      11237.973    717.973 
        6   5792       6187.838    395.838 
        7   7659       8086.31     427.31  
        8   6536       6645.831    109.831 
        9   8996       9045.072     49.072 
       10   9577       9061.991   -515.009 
       11  10027       9817.583   -209.417 
       12   9220       8891.384   -328.616 
       13   8905       9935.662   1030.662 
       14   7518       7407.501   -110.499 
       15   9499       9137.47    -361.53  
       16   9535       9188.909   -346.091 
       17  10718      10674.693    -43.307 
       18   9431       9162.807   -268.193 
       19   6889       6803.257    -85.743 
       20  10503       9940.853   -562.147 
       21   9478      10317.084    839.084 
       22   9708       8986.274   -721.726 
       23   6899       6930.655     31.655 
       24   9751      10448.569    697.569 
       25   9786       9677.243   -108.757 
        1   7758       7463.825   -294.175 
        2   7897       7720.236   -176.764 
        3   6797       6839.501     42.501 
        4   9791       9693.914    -97.086 
        5   9930      10226.628    296.628 
        6  11152       9485.075  -1666.925 
        7   8644       9003.463    359.463 
        8   6792       6809.292     17.292 
        9   9576       9283.061   -292.939 
       10   9465       9888.835    423.835 
       11  10233      10036.134   -196.866 
       12   9697       9010.073   -686.927 
       13  10518       9697.714   -820.286 
       14   9741       9953.51     212.51  
       15   6281       9431.844   3150.844 
       16   8713       9094.269    381.269 
       17   6682       6508.668   -173.332 
       18   9248       9116.426   -131.574 
       19  11412      10556.199   -855.801 
       20   6558       6524.037    -33.963 
       21   9604       9067.47    -536.53  
       22  11307      10768.769   -538.231 
       23   9932       9286.98    -645.02  
       24   5917       6891.295    974.295 
       25  10255      10652.037    397.037 
        1   8901       9028.657    127.657 
        2  12081      10657.231  -1423.769 
        3  10559      11284.008    725.008 
        4   9515       9980.758    465.758 
        5  10530      10228.923   -301.077 
        6   9804       9457.1     -346.9   
        7  11078      10819.806   -258.194 
        8   6631       6749.234    118.234 
        9   9049       9162.441    113.441 
       10  10204      10155.091    -48.909 
       11   7496       7358.303   -137.697 
       12   7715       7551.902   -163.098 
       13   7486       7640.571    154.571 
       14   7428       7775.348    347.348 
       15  10614      10979.647    365.647 
       16  11686       9310.311  -2375.689 
       17   6451       6394.939    -56.061 
       18  10384       9936.815   -447.185 
       19   9002       8868.05    -133.95  
       20   6204       6487.899    283.899 
       21   6552       6755.097    203.097 
       22  12175      10431.334  -1743.666 
       23   9746       9164.087   -581.913 
       24   7645       7289.716   -355.284 
       25   9808       9888.146     80.146 
        1  11412      11303.332   -108.668 
        2   5545       5603.206     58.206 
        3   9084       9194.188    110.188 
        4   7491       7253.151   -237.849 
        5   8411       8146.431   -264.569 
        6   6933       9301.629   2368.629 
        7   8023       8944.644    921.644 
        8   7836       7586.96    -249.04  
        9  10261       9987.931   -273.069 
       10  10803      10796.078     -6.922 
       11   7425       7594.046    169.046 
       12  10595      10784.256    189.256 
       13   6829       6566.714   -262.286 
       14   8999       9104.402    105.402 
       15   9477       9290.424   -186.576 
       16   6631       6622.416     -8.584 
       17   7461       7205.239   -255.761 
       18   7645       7728.231     83.231 
       19   6511       6458.818    -52.182 
       20   8770       9704.816    934.816 
       21  10328      10431.378    103.378 
       22  10565      10235.171   -329.829 
       23   9379       9603.269    224.269 
       24   5975       6415.949    440.949 
       25  10858       9515.015  -1342.985 
        1  11135      11360.154    225.154 
        2   7066       7317.876    251.876 
        3   7106       7393.865    287.865 
        4  10106      10808.377    702.377 
        5  10519       9221.427  -1297.573 
        6   9038       9427.351    389.351 
        7  10293      10109.017   -183.983 
        8   9294       8996.373   -297.627 
        9   7292       7273.127    -18.873 
       10   8712       9855.322   1143.322 
       11  10841      11558.372    717.372 
       12  10753      11455.698    702.698 
       13  10726       9849.796   -876.204 
       14  10130      10485.7      355.7   
       15   7331       7307.383    -23.617 
       16   9110       9890.11     780.11  
       17   9206       9568.952    362.952 
       18   8356       8886.358    530.358 
       19  11290      10250.433  -1039.567 
       20   8758       9415.462    657.462 
       21   9624      10127.483    503.483 
       22   9557       9148.028   -408.972 
       23   9408       9298.753   -109.247 
       24   8872       8929.557     57.557 
       25  10106      10209.456    103.456 
        1   8278       8807.022    529.022 
        2   9665       9480.509   -184.491 
        3  10681      10437.486   -243.514 
        4   9771      10094.64     323.64  
        5   9387       9114.235   -272.765 
        6   6510       6603.05      93.05  
        7   7632       7531.451   -100.549 
        8   6940       6938.348     -1.652 
        9   7817       7830.512     13.512 
       10  10435      10373.362    -61.638 
       11   5625       5931.064    306.064 
       12   9006       9502.885    496.885 
       13   6342       6524.504    182.504 
       14   8570       8755.428    185.428 
       15   7336       7496.783    160.783 
       16   6072       6093.756     21.756 
       17   9072       9706.282    634.282 
       18   6084       6144.377     60.377 
       19   5767       6228.495    461.495 
       20   6238       6523.167    285.167 
       21   8677       9380.085    703.085 
       22   8890       8981.243     91.243 
       23   7451       7467.876     16.876 
       24  10970      11123.508    153.508 
       25   6548       6581.281     33.281 
        1   6456       6590.368    134.368 
        2  11216      10694.139   -521.861 
        3  12006      10714.176  -1291.824 
        4  11169      11026.329   -142.671 
        5   8700       8773.287     73.287 
        6   6272       6314.691     42.691 
        7   7643       7646.326      3.326 
        8   6772       6854.399     82.399 
        9   9990      10848.975    858.975 
       10   9918       9894.789    -23.211 
       11   9014       8989.792    -24.208 
       12  10674      10699.818     25.818 
       13   5928       6070.595    142.595 
       14  11332      11469.484    137.484 
       15  10405      10709.396    304.396 
       16   8533       7933.187   -599.813 
       17   7678       7680.056      2.056 
       18   6733       6454.642   -278.358 
       19   7269       7734.004    465.004 
       20  10217      10695.719    478.719 
       21   6377       6546.8      169.8   
       22   9843       9585.556   -257.444 
       23   9086       9078.586     -7.414 
       24   6894       6783.908   -110.092 
       25   7802       7668.517   -133.483 
        1   7477       7794.917    317.917 
        2  10564      10677.47     113.47  
        3   6580       6672.487     92.487 
        4   6465       6505.838     40.838 
        5  10311      10783.116    472.116 
        6  10738      10783.995     45.995 
        7  11037      10161.15    -875.85  
        8   9481       9630.655    149.655 
        9  10189       9983.87    -205.13  
       10   7878       7767.764   -110.236 
       11  10833      11183.45     350.45  
       12  11742      10386.729  -1355.271 
       13  10922      10755.577   -166.423 
       14   7483       7626.78     143.78  
       15   6798       7119.626    321.626 
       16   9293       9651.943    358.943 
       17   6126       6316.247    190.247 
       18   8794       8715.933    -78.067 
       19   9261       9112.301   -148.699 
       20  10055      10264.541    209.541 
       21   7882       7948.869     66.869 
       22   7816       7637.571   -178.429 
       23   8926       8973.358     47.358 
       24   9726      10308.297    582.297 
       25  11585      10422.32   -1162.68  
        1   8438       8748.424    310.424 
        2   8653       9543.469    890.469 
        3   9607       9461.086   -145.914 
        4   7459       7854.474    395.474 
        5   7315       7581.257    266.257 
        6   7234       7392.545    158.545 
        7  10390      10870.377    480.377 
        8   7383       7390.36       7.36  
        9   6110       6407.325    297.325 
       10   7490       7627.679    137.679 
       11  10981      11390.783    409.783 
       12  12503      10882.345  -1620.655 
       13   9623       9587.164    -35.836 
       14  10769      11206.314    437.314 
       15  10507      10768.1      261.1   
       16   7482       7437.89     -44.11  
       17   5760       6026.542    266.542 
       18  10182       9863.214   -318.786 
       19   8714       9548.825    834.825 
       20   8436       9638.457   1202.457 
       21   6923       7010.185     87.185 
       22   9673       9439.874   -233.126 
       23   7179       7708.985    529.985 
       24   6308       6276.795    -31.205 
       25   9877       9897.835     20.835 

=== Cross-validation ===
=== Summary ===

Correlation coefficient                  0.9425
Mean absolute error                    363.1216
Root mean squared error                560.0628
Relative absolute error                 25.132  %
Root relative squared error             33.3117 %
Total Number of Instances              250     

