=== Run information ===

Scheme:weka.classifiers.trees.M5P -M 4.0
Relation:     JNC Dataset Android 0511-0911-weka.filters.unsupervised.attribute.Remove-R1-weka.filters.unsupervised.attribute.Remove-R17-weka.filters.unsupervised.attribute.Remove-R3-8-weka.filters.unsupervised.attribute.Remove-R2-4,7,10,13
Instances:    124
Attributes:   7
              Cohort Size
              LevelFailedEvents
              LevelSuccessEvents
              Sessions
              MKTExpenses
              ActiveUsersDay7
              MedianSessionSeconds
Test mode:10-fold cross-validation

=== Classifier model (full training set) ===

M5 pruned model tree:
(using smoothed linear models)

LevelFailedEvents <= 5260 : 
|   Cohort Size <= 523 : LM1 (49/15.927%)
|   Cohort Size >  523 : LM2 (43/16.11%)
LevelFailedEvents >  5260 : LM3 (32/20.074%)

LM num: 1
ActiveUsersDay7 = 
	1.339 * Cohort Size 
	+ 1.1951 * LevelFailedEvents 
	- 0.0656 * LevelSuccessEvents 
	+ 0.0483 * Sessions 
	- 15.1854 * MKTExpenses 
	+ 0.9454 * MedianSessionSeconds 
	+ 14.693

LM num: 2
ActiveUsersDay7 = 
	2.4805 * Cohort Size 
	+ 0.1312 * LevelFailedEvents 
	- 0.0684 * LevelSuccessEvents 
	+ 0.0507 * Sessions 
	- 29.2554 * MKTExpenses 
	+ 0.9956 * MedianSessionSeconds 
	+ 4467.1544

LM num: 3
ActiveUsersDay7 = 
	1.1064 * Cohort Size 
	+ 0.1526 * LevelFailedEvents 
	- 0.2497 * LevelSuccessEvents 
	+ 0.3107 * Sessions 
	- 13.1166 * MKTExpenses 
	+ 1.0488 * MedianSessionSeconds 
	+ 1837.4738

Number of Rules : 3

Time taken to build model: 0.03 seconds

=== Predictions on test data ===

inst#,    actual, predicted, error
     1   7312       7298.671    -13.329
     2   6456       6462.225      6.225
     3   7650       7454.973   -195.027
     4   6126       6275.46     149.46 
     5   6238       6186.976    -51.024
     6   7816       7643.07    -172.93 
     7   7632       7409.342   -222.658
     8   7611       7510.47    -100.53 
     9   6757       6694.228    -62.772
    10   6829       6552.554   -276.446
    11   7836       7576.603   -259.397
    12   7490       7517.126     27.126
    13   9002       9004.636      2.636
     1   8926       8832.164    -93.836
     2   7428       7724.496    296.496
     3   7483       7647.737    164.737
     4   9084       9415.465    331.465
     5   7715       7550.464   -164.536
     6   6072       5948.967   -123.033
     7   5792       6045.902    253.902
     8   7066       7186.393    120.393
     9   7518       7588.829     70.829
    10   7179       7706.323    527.323
    11   8570       8740.885    170.885
    12   6308       6140.298   -167.702
    13   6286       6389.002    103.002
     1   7659       7696.336     37.336
     2   6101       6197.517     96.517
     3   7820       7672.483   -147.517
     4   6631       6573.176    -57.824
     5   9014       8823.817   -190.183
     6   9049       9097.629     48.629
     7   6465       6349.469   -115.531
     8   5760       5861.808    101.808
     9   6511       6361.858   -149.142
    10   7882       8455.571    573.571
    11   5917       6406.885    489.885
    12   5928       6134.136    206.136
    13   8356       8562.238    206.238
     1   8890       9240.5      350.5  
     2   7315       7546.639    231.639
     3   8278       8544.597    266.597
     4   8794       8780.088    -13.912
     5   7643       7590.367    -52.633
     6   7645       7331.277   -313.723
     7   5881       6048.112    167.112
     8   9387       9074.373   -312.627
     9   6933       7521.066    588.066
    10   8533       8426.98    -106.02 
    11   8872       8724.914   -147.086
    12   6342       6225.188   -116.812
    13   7418       7608.702    190.702
     1   7897       7653.053   -243.947
     2   9261       9201.696    -59.304
     3   8438       8596.396    158.396
     4   7482       7325.467   -156.533
     5   7461       7131.131   -329.869
     6   6558       6478.227    -79.773
     7   7802       7706.995    -95.005
     8   7645       7756.732    111.732
     9   6084       6101.765     17.765
    10   7292       7179.696   -112.304
    11   6281       6618.122    337.122
    12   6731       6534.372   -196.628
     1   6110       6193.33      83.33 
     2   6733       6386.176   -346.824
     3   8644       8889.981    245.981
     4   8023       8271.226    248.226
     5   6899       6753.327   -145.673
     6   8863       8796.712    -66.288
     7   7234       7428.533    194.533
     8   7336       7550.462    214.462
     9   6548       6584.41      36.41 
    10   6940       7019.207     79.207
    11   7477       7708.119    231.119
    12   8901       8804.451    -96.549
     1   7459       7571.806    112.806
     2   6451       6400.57     -50.43 
     3   6204       6546.877    342.877
     4   7425       7450.095     25.095
     5   9110       9164.31      54.31 
     6   8700       8906.969    206.969
     7   5975       6162.72     187.72 
     8   7878       7741.656   -136.344
     9   6894       6659.199   -234.801
    10   7758       7556.639   -201.361
    11   7106       7357.281    251.281
    12   7496       7322.217   -173.783
     1   7269       7653.136    384.136
     2   8858       8773        -85    
     3   6923       6875.436    -47.564
     4   5625       5872.211    247.211
     5   8411       8339.37     -71.63 
     6   6631       6566.014    -64.986
     7   7331       7213.526   -117.474
     8   6552       6580.923     28.923
     9   8996       8990.227     -5.773
    10   7817       7834.846     17.846
    11   7491       7240.17    -250.83 
    12   5767       6146.557    379.557
     1   6510       6401.513   -108.487
     2   6536       6544.431      8.431
     3   8912       8630.485   -281.515
     4   7678       7677.555     -0.445
     5   6580       6532.279    -47.721
     6   7451       7461.289     10.289
     7   9086       8908.163   -177.837
     8   6682       6479.585   -202.415
     9   9220       8713.09    -506.91 
    10   9157       8719.634   -437.366
    11   6798       6725.858    -72.142
    12   7486       7568.751     82.751
     1   7203       7403.076    200.076
     2   9535       8857.501   -677.499
     3   5545       5609.451     64.451
     4   6272       6236.735    -35.265
     5   6377       6485.137    108.137
     6   7383       7366.05     -16.95 
     7   6792       6672.743   -119.257
     8   8999       9248.023    249.023
     9   6889       6817.168    -71.832
    10   6772       6691.393    -80.607
    11   6797       6798.791      1.791
    12   9577       9026.623   -550.377

=== Cross-validation ===
=== Summary ===

Correlation coefficient                  0.9771
Mean absolute error                    170.0218
Root mean squared error                218.75  
Relative absolute error                 20.2523 %
Root relative squared error             21.2259 %
Total Number of Instances              124     

