=== Run information ===

Scheme:weka.classifiers.trees.M5P -M 4.0
Relation:     JNC Dataset Android 0511-0911-weka.filters.unsupervised.attribute.Remove-R1-weka.filters.unsupervised.attribute.Remove-R17-weka.filters.unsupervised.attribute.Remove-R3-8-weka.filters.unsupervised.attribute.Remove-R2-3,7,10,13
Instances:    124
Attributes:   8
              Cohort Size
              DailyAverageRating
              LevelFailedEvents
              LevelSuccessEvents
              Sessions
              MKTExpenses
              ActiveUsersDay7
              MedianSessionSeconds
Test mode:10-fold cross-validation

=== Classifier model (full training set) ===

M5 pruned model tree:
(using smoothed linear models)

LevelFailedEvents <= 5260 : 
|   Cohort Size <= 523 : 
|   |   LevelFailedEvents <= 4205 : LM1 (18/10.407%)
|   |   LevelFailedEvents >  4205 : LM2 (31/12.763%)
|   Cohort Size >  523 : LM3 (43/16.141%)
LevelFailedEvents >  5260 : LM4 (32/17.638%)

LM num: 1
ActiveUsersDay7 = 
	1.8321 * Cohort Size 
	- 21.0163 * DailyAverageRating 
	+ 1.1664 * LevelFailedEvents 
	- 0.0935 * LevelSuccessEvents 
	+ 0.0503 * Sessions 
	- 2.0133 * MKTExpenses 
	+ 0.5686 * MedianSessionSeconds 
	+ 350.5515

LM num: 2
ActiveUsersDay7 = 
	1.1791 * Cohort Size 
	- 15.0769 * DailyAverageRating 
	+ 0.8874 * LevelFailedEvents 
	- 0.085 * LevelSuccessEvents 
	+ 0.0503 * Sessions 
	- 2.0133 * MKTExpenses 
	+ 2.0065 * MedianSessionSeconds 
	+ 1293.5525

LM num: 3
ActiveUsersDay7 = 
	1.8596 * Cohort Size 
	+ 0.072 * LevelFailedEvents 
	- 0.0661 * LevelSuccessEvents 
	+ 0.0528 * Sessions 
	- 2.0133 * MKTExpenses 
	+ 1.068 * MedianSessionSeconds 
	+ 4966.6256

LM num: 4
ActiveUsersDay7 = 
	1.1064 * Cohort Size 
	+ 117.698 * DailyAverageRating 
	+ 0.1526 * LevelFailedEvents 
	- 0.2637 * LevelSuccessEvents 
	+ 0.3127 * Sessions 
	- 14.4402 * MKTExpenses 
	+ 7.9027 * MedianSessionSeconds 
	- 1567.7487

Number of Rules : 4

Time taken to build model: 0.02 seconds

=== Predictions on test data ===

inst#,    actual, predicted, error
     1   7312       7258.212    -53.788
     2   6456       6515.837     59.837
     3   7650       7445.27    -204.73 
     4   6126       6301.446    175.446
     5   6238       6170.128    -67.872
     6   7816       7599.523   -216.477
     7   7632       7386.249   -245.751
     8   7611       7509.117   -101.883
     9   6757       6714.247    -42.753
    10   6829       6584.954   -244.046
    11   7836       7523.242   -312.758
    12   7490       7485.316     -4.684
    13   9002       8913.929    -88.071
     1   8926       8872.405    -53.595
     2   7428       7694.94     266.94 
     3   7483       7678.358    195.358
     4   9084       9418.807    334.807
     5   7715       7612.867   -102.133
     6   6072       5930.926   -141.074
     7   5792       6035.301    243.301
     8   7066       7178.964    112.964
     9   7518       7619.781    101.781
    10   7179       7732.067    553.067
    11   8570       8792.238    222.238
    12   6308       6156.677   -151.323
    13   6286       6395.537    109.537
     1   7659       7696.336     37.336
     2   6101       6152.499     51.499
     3   7820       7672.483   -147.517
     4   6631       6467.909   -163.091
     5   9014       8843.746   -170.254
     6   9049       9184.353    135.353
     7   6465       6331.979   -133.021
     8   5760       5840.171     80.171
     9   6511       6362.302   -148.698
    10   7882       8278.303    396.303
    11   5917       6415.694    498.694
    12   5928       6089.073    161.073
    13   8356       8584.089    228.089
     1   8890       9244.989    354.989
     2   7315       7555.021    240.021
     3   8278       8530.465    252.465
     4   8794       8775.769    -18.231
     5   7643       7612.369    -30.631
     6   7645       7331.408   -313.592
     7   5881       6048.112    167.112
     8   9387       9068.019   -318.981
     9   6933       7521.066    588.066
    10   8533       8408.087   -124.913
    11   8872       8701.213   -170.787
    12   6342       6225.188   -116.812
    13   7418       7603.544    185.544
     1   7897       7625.924   -271.076
     2   9261       9201.696    -59.304
     3   8438       8596.396    158.396
     4   7482       7345.524   -136.476
     5   7461       7155.765   -305.235
     6   6558       6457.373   -100.627
     7   7802       7705.165    -96.835
     8   7645       7757.471    112.471
     9   6084       6083.29      -0.71 
    10   7292       7200.048    -91.952
    11   6281       6613.693    332.693
    12   6731       6524       -207    
     1   6110       6197.281     87.281
     2   6733       6334.523   -398.477
     3   8644       8926.464    282.464
     4   8023       8224.797    201.797
     5   6899       6665.404   -233.596
     6   8863       8878.529     15.529
     7   7234       7428.533    194.533
     8   7336       7550.462    214.462
     9   6548       6638.837     90.837
    10   6940       6955.458     15.458
    11   7477       7708.119    231.119
    12   8901       8805.712    -95.288
     1   7459       7655.923    196.923
     2   6451       6432.664    -18.336
     3   6204       6530.014    326.014
     4   7425       7479.2       54.2  
     5   9110       9144.237     34.237
     6   8700       8895.696    195.696
     7   5975       6150.607    175.607
     8   7878       7756.515   -121.485
     9   6894       6693.649   -200.351
    10   7758       7533.807   -224.193
    11   7106       7336.42     230.42 
    12   7496       7305.139   -190.861
     1   7269       7628.54     359.54 
     2   8858       8793.473    -64.527
     3   6923       6875.436    -47.564
     4   5625       5872.211    247.211
     5   8411       8391.149    -19.851
     6   6631       6566.014    -64.986
     7   7331       7228.637   -102.363
     8   6552       6580.923     28.923
     9   8996       9061.724     65.724
    10   7817       7821.605      4.605
    11   7491       7295.087   -195.913
    12   5767       6146.557    379.557
     1   6510       6403.8     -106.2  
     2   6536       6580.03      44.03 
     3   8912       8630.485   -281.515
     4   7678       7653.249    -24.751
     5   6580       6500.702    -79.298
     6   7451       7454.865      3.865
     7   9086       8908.163   -177.837
     8   6682       6540.425   -141.575
     9   9220       8713.09    -506.91 
    10   9157       8719.634   -437.366
    11   6798       6701.273    -96.727
    12   7486       7551.25      65.25 
     1   7203       7403.076    200.076
     2   9535       8857.501   -677.499
     3   5545       5648.333    103.333
     4   6272       6226.93     -45.07 
     5   6377       6573.679    196.679
     6   7383       7366.05     -16.95 
     7   6792       6711.24     -80.76 
     8   8999       9248.023    249.023
     9   6889       6777.649   -111.351
    10   6772       6709.833    -62.167
    11   6797       6748.337    -48.663
    12   9577       9026.623   -550.377

=== Cross-validation ===
=== Summary ===

Correlation coefficient                  0.9772
Mean absolute error                    172.818 
Root mean squared error                218.3463
Relative absolute error                 20.5854 %
Root relative squared error             21.1868 %
Total Number of Instances              124     

